01001100111000000000000000000001
01001100111100001111111111111111
01001100000000000000000000000001
01001100000100000000000000000011
01001100001000000000000000000101
01001100011100000000000000000010
01001100100000001111111111111111
01001100110100000000000000000000
00100001010000000001000000000000
00100101010001000010000000000000
00000001000000000010000000001101
10000001000011111101000000000000
00000010000000000000000000001110
10000001000011101101000000000000
01001100110100000000000000000001
00100000010000000001000000000000
00100100010001000001000000000000
00000001000000000010000000010100
10000001000011111101000000000000
00000010000000000000000000010101
10000001000011101101000000000000
01001100110100000000000000000010
00110000010000000000000000000000
00100011010001000000000000000000
00100011010001000000000000000000
00100011010001000000000000000000
00100011010001000000000000000000
00100100010000100100000000000000
00000001000000000010000000011111
10000001000011111101000000000000
00000010000000000000000000100000
10000001000011101101000000000000
01001100110100000000000000000011
00111111010000000000000000000000
00101000010001000000000000000000
00100101010001000111000000000000
00000001000000000010000000100111
10000001000011111101000000000000
00000010000000000000000000101000
10000001000011101101000000000000
01001100110100000000000000000100
01001100010000001111111111111110
00101001010001000000000000000000
00100101010001001000000000000000
00000001000000000010000000101111
10000001000011111101000000000000
00000010000000000000000000110001
10000001000011101101000000000000
00101001000000000000000000000000
00000010000000000000000000110001
