00111111111000000000000000000000
00110000111100000000000000000000
00100110111111110000000000000000
00110000110100000000000000000000
01001100000000000000000001100100
01001100000100000000000011001000
01001100001000000000000100101100
00100000001100000001000000000000
00100101010000100011000000000000
00000001000000000010000000001100
10000001000011111101000000000000
00000010000000000000000000001101
10000001000011101101000000000000
00100011110111010000000000000000
10000001000011111101000000000000
01001101000000000000000000010011
01001110000000000000000000000000
11000100000000000000000000000000
00000010000000000000000000010100
10000001000011101101000000000000
00000010000000000000000000010100
