01001100001000000000000000100010
01001100000100000000000000001000
01001100000000000000000000000001
01001100111100001111111111111111
00100000000000000001000000000000
00100000000000010000000000000000
00100000000000000000000000000000
00100101001000100000000000000000
00000001000000000010000000001011
01001100111000000000000000000000
10000001000011111110000000000000
01001100000100000000000000001111
00100000000000000000000000000000
10000001000000000001000000000000
10000000001000000001000000000000
00100101001000100000000000000000
00000001000000000010000000010011
01001100111000000000000000000001
10000001000011111110000000000000
01001100001100000000000000100011
01001100000100000000000000010100
00100101000100110001000000000000
10000000001000000001000000000000
00100101001000100000000000000000
00000001000000000010000000011011
01001100111000000000000000000010
10000001000011111110000000000000
00000001000000000010000000011110
01001100111000000000000000000011
10000001000011111110000000000000
00000001000000000010000000100001
01001100111000000000000000000100
10000001000011111110000000000000
00000010000000000000000000100001
