01001100111000000000000000000001
01001100111100001111111111111111
01001100000000001111111111111111
00110000000100000000000000000000
01001100110100000000000000000000
00110001010100000000000000000000
00100101010101010000000000000000
00000001000000000010000000001010
10000001000011111101000000000000
00000010000000000000000000001011
10000001000011101101000000000000
00100011110111010000000000000000
00110001010100000001000000000000
00000001000000000010000000010000
10000001000011111101000000000000
00000010000000000000000000010001
10000001000011101101000000000000
00100011110111010000000000000000
00110000010100000000000000000000
00111111010000000000000000000000
00110011010100000000000000000000
00110101010000000000000000000000
00100101010101010100000000000000
00000001000000000010000000011010
10000001000011111101000000000000
00000010000000000000000000011011
10000001000011101101000000000000
00100011110111010000000000000000
00110001010100000000000000000000
00100101010101010000000000000000
00000001000000000010000000100001
10000001000011111101000000000000
00000010000000000000000000100010
10000001000011101101000000000000
00100011110111010000000000000000
01001100010100001111111111111111
00111110010101010101000000000000
00000001000000000010000000101000
10000001000011111101000000000000
00000010000000000000000000101001
10000001000011101101000000000000
00100011110111010000000000000000
01001100010000000000000000000001
01001100010100000000000000000010
01001100011000000000000000000011
00110111010001000101000000000000
00100101010001000110000000000000
00000001000000000010000000110010
10000001000011111101000000000000
00000010000000000000000000110011
10000001000011101101000000000000
00000010000000000000000000110011
