01001100111000000000000000000001
01001100111100001111111111111111
01001100000100000000000011010101
01001100001000000000001100010000
01001100001100000000000111100001
01001100010000000000000011011110
01001100110000000000000000001010
01001100110100000000000000000000
01001100000000000000000000100001
10000001000000001100000000000000
10000000010100001100000000000000
00100101010101010000000000000000
00000001000000000010000000001111
10000001000011111101000000000000
00000010000000000000000000010000
10000001000011101101000000000000
00100011110011000000000000000000
00100011110111010000000000000000
01001100000100000000000011010101
10000001000000011100000000000000
10000000010100001100000000000000
00100101010101010001000000000000
00000001000000000010000000011001
10000001000011111101000000000000
00000010000000000000000000011010
10000001000011101101000000000000
00100011110011000000000000000000
00100011110111010000000000000000
01001100001000000000001100010000
10000001000000101100000000000000
10000000010100001100000000000000
00100101010101010010000000000000
00000001000000000010000000100011
10000001000011111101000000000000
00000010000000000000000000100100
10000001000011101101000000000000
00100011110011000000000000000000
00100011110111010000000000000000
01001100001100000000000111100001
10000001000000111100000000000000
10000000010100001100000000000000
00100101010101010011000000000000
00000001000000000010000000101101
10000001000011111101000000000000
00000010000000000000000000101110
10000001000011101101000000000000
00100011110011000000000000000000
00100011110111010000000000000000
01001100010000000000000011011110
10000001000001001100000000000000
10000000010100001100000000000000
00100101010101010100000000000000
00000001000000000010000000110111
10000001000011111101000000000000
00000010000000000000000000111000
10000001000011101101000000000000
00000010000000000000000000111000
